535.42
527.25
513.88
526.41
525.66
537.61
539.12
533.94
524.58
548.62
496.48
504.38
505.28
536.7
564.52
560.97
559.39
555.66
567.08
568.59
575.46
574.08
563.98
563.79
565.43
559.34
565.45
561.12
549.77
557.19
554.25
558.9
574.19
570.99
581.31
575.13
582.02
592.4
583.3
592.76
592.46
595.42
598.14
608.55
611.09
609.66
607.87
607.9
601.55
603.49
603.04
598.97
604.5
602.41
599.98
595.98
600.02
603.23
600.01
602.71
597.57
606.15
607.92
604.62
601.24
595.79
589.87
591
580.44
579.65
578.75
587.72
586.86
593.57
590.17
582.89
584.32
586.46
593.23
599.54
599.5
592.91
589.38
582.38
582.56
600.46
602.94
600.38
600.5
603.61
598.98
600.84
603.95
602.81
603.81
600.08
599.8
598.73
595.03
596.84
593.74
591.73
589.9
586.75
586.56
584.42
582.03
589.59
593.4
593.11
594.96
594.4
591.83
587.29
573.04
566.2
567.42
565.03
576.33
578.08
577.15
575.37
575.57
574.32
579.62
579.93
580.88
578.66
578.61
576.1
580.61
575.9
572.48
573.48
569.53
564.2
569.35
564.22
565.25
565.01
570.12
567.84
568.67
566.42
567.68
566.06
564.65
565.62
556.13
557.79
557.56
556.74
553.84
549.22
543.64
541.28
535.29
544.45
545.78
546.9
558.39
553.11
553.06
556.29
555.53
556.86
551
555.36
553.46
554.36
549.11
547.88
538.65
536.95
528.27
527.99
525.67
513.79
517.25
512.53
527.9
537.92
545.64
536.91
539.65
539.33
533.36
536.15
548.58
549.45
543.84
547.47
551.71
559.56
556.26
554.74
551.26
556.05
550.61
550.07
549.44
546.29
543.86
540.22
539.11
541.24
540.39
539.72
537.65
539.4
540.13
541.6
540.22
535.96
535.63
534.56
530.2
528.93
527.3
527.94
527.95
521.75
521.17
520.74
516.04
519.49
523.15
522.79
519.35
523.17
524.68
523.4
522.8
522.05
523.12
516.72
514.36
514.29
513.63
510.69
510.64
510.08
504.86
498.68
494.06
495.67
503.65
501.87
497.16
499.06
499.3
493.44
488.94
493.24
494.26
497.2
498.11
504.43
511.49
507.66
512.79
512.2
511.91
506.62
512.88
512.32
515.6
516.5
516.6
512.29
513.24
514.66
515.64
513.94
509.23
506.41
503.42
506.9
507.91
508.7
503.29
503.72
506.77
501.78
499.25
504.29
504.84
500.14
498.35
499.01
498.08
499.91
499.57
489.44
489
491.7
494.17
490.78
486.36
493.15
493.37
490.53
490.32
486.26
484.85
486.63
481.56
475.33
483.22
483.59
479.79
480.4
477.81
477.28
475.9
474.89
469.04
464.91
467.51
469.23
468.91
469.11
466.48
467.18
460.61
459.98
461.46
465.26
467.88
469.24
469.06
468.22
466.25
465.31
460.94
467.42
464.6
462
462.76
461.28
455
452.93
451.18
449.25
445.85
447.65
447.74
450.1
447.45
445.7
446.01
445.57
446.38
446.1
444.39
445.36
441.95
441.41
440.87
439.93
431.56
431.97
425.34
428.68
428.37
427.15
426.17
422.32
414.38
410
407.44
402.63
404.46
409.37
415.33
412.22
412.93
418.07
421.78
427.47
427.49
423.04
425.16
427.77
426.02
423.82
421.12
416.18
416.34
413.33
418.93
419.1
420.12
417.7
417.53
423.76
421.98
422.93
430.04
434.03
434.93
434.68
439.98
436.22
435.71
438.11
435.25
434.6
435.94
438.89
440.79
439.97
440.62
438.81
432.56
429.83
426.82
432.82
428.05
429.21
426.44
426.23
429.51
432.68
437.78
435.38
435.63
435.48
438.41
440.32
436.51
438.5
439.76
445.96
447.24
446.39
442.06
445.01
444.94
443.73
441.76
441.76
444.71
443.72
440.45
438.93
439.2
435.74
432.26
429.53
428.44
429.53
432.92
433.56
433.06
428.01
426.33
426.12
421.5
423.23
426.45
424.92
427.1
429.33
430.8
425.52
425.02
422.23
418.44
417.69
415.18
416.62
415.71
416.51
410.57
406.71
408.98
408.82
403.59
400.13
403.05
407.62
407.46
408.05
404.16
399.31
402
400.62
401.14
401.84
399.97
401.74
401.63
394.33
397.14
399.89
404.43
404.84
401.41
393.58
395.25
401.63
401.21
400.9
403.1
403.17
402.9
401.46
402.45
397.17
398.8
398.69
398.28
396.73
397.77
399.99
398.47
392.94
390.65
385.05
385.92
385.2
382.69
381.66
388.27
383.24
379.59
384.08
377.46
379.84
373.66
374.19
379.67
386.81
386.18
392.19
391.92
385.73
382.75
384.23
385.65
384.34
388.49
386.44
386.97
394.89
395.88
401.41
400.11
400.3
395.65
394.73
398.18
402.58
397.39
399.83
404.13
398.33
394.14
388.43
393.36
392.46
388.19
388.05
388.47
383.86
376.84
379.6
385.69
386.4
384.91
383.51
378.72
376.08
376.3
367.86
372.11
369.26
370.82
371.8
365.22
369.82
371.28
369.16
374.5
368.99
368.48
371.63
376.07
385.5
387.98
385.07
379.6
382.45
379.48
380.13
385.69
392.75
393.21
393.49
381.48
382.13
388.33
388.42
385.99
380.86
382.25
380.52
381.69
384.62
381.37
384.64
380.96
361.11
368.71
366.73
363.25
358.1
361.83
371.14
372.77
375.48
366.76
368.73
371.53
365.69
361.27
352.7
355.68
358.22
354.06
345.19
353.24
344.15
345.29
347.49
350.17
360.21
363.97
364.82
353.85
344.75
350.17
357.64
350.74
351.63
355.15
361.2
364.26
370.73
375.03
372.14
375.01
379.31
377.87
395.05
390.85
384.87
382.37
375.62
377.04
381.06
379.87
382.78
387.03
389.61
403.26
397.64
396.37
397.34
405.78
411.31
410.12
413.05
412.24
410.55
403.72
403.72
395.41
396.99
397.45
398.12
398.39
392.25
394.86
396.03
390.34
385.5
375.75
380.24
379.78
383.34
379.47
377.07
367.15
370.21
363.27
364.15
366.08
369.34
373.61
373.92
368.4
367.16
366.47
362.63
365.6
365.9
373.53
374.97
363.41
359.88
360.54
351.69
350.93
362.94
357.84
358.92
373.09
384.23
393.59
397.91
394.13
392.94
399.49
392.03
395.22
397.45
387.93
380.33
377
379.9
372.92
372.76
375.06
390.81
382.93
384.49
375.52
375.91
381.98
381.1
393.7
396.07
410.66
398.53
396.71
394.33
409.47
399.38
398.26
410.14
407.77
419.28
425.64
425.96
419.19
419.02
424.3
419.5
421.06
428.38
429.53
427.37
431.69
437.21
433.5
432.27
439.03
441.76
436.36
433.28
431.17
424.77
430.31
425.34
425.46
420.85
415.65
406.63
397.88
400.81
405.97
407.82
397.17
400.2
412.36
415.74
417.82
410.27
416.61
417.68
408.67
402.61
409.88
414.32
417.02
426.13
425.65
418.89
420.27
428.72
436.57
430.27
426.76
428.13
426.13
436.38
432.19
429.28
421.69
411.47
413.51
414.55
419.68
417.9
426.27
431.04
435.56
443.42
443.23
449.43
448.22
444.17
444.72
446.49
446.91
455.66
455.81
453.19
454.33
455.59
455.01
455.38
449.03
446.25
441.83
434.12
438.79
443.51
447.45
440.57
443.62
447.59
443.41
446.43
445.25
436.23
431.12
434.9
428.34
433.15
441.75
436.4
446.35
445.16
444.57
445.83
446.63
445.12
446.2
444.44
444.29
440.96
440.82
444.39
445.87
445.49
443.95
441.86
439.18
437.41
436.66
435.78
431.61
433.53
433.14
430.83
431.28
430.16
428.48
425.2
423.94
420.74
413.78
412.29
413.31
416.32
417.09
413.51
411.8
407.56
412.88
408.03
413.08
412.39
420.87
422.08
421.38
416.32
412.3
412.69
419.69
423.82
424.49
420.98
423.26
422.18
425.53
427.36
427.89
429.42
429.52
428.21
427.98
428.61
426.74
422.96
425.47
424.58
423.9
420.21
416.89
416.25
420.85
423.63
422.63
421.87
420.61
419.56
419.04
419.38
418.69
416.06
418.11
414.74
415.61
417.64
415.91
416.08
417.99
416.97
412.72
411.86
408.55
402.78
408.82
412.05
413.46
412.84
414.26
412.78
408.42
411.77
410.32
411.07
407.95
405.71
405.37
405.15
404.33
402.9
400.53
401.02
398.88
393.25
398.63
398.76
401
401.74
400.84
400.18
398.33
398.92
398.84
399.23
395.61
397.08
396.46
396.81
396.1
395.89
395.11
395.99
391.99
392.31
388.14
389.16
392.54
393.54
387.59
382.99
391.3
394.82
398.77
395.89
392.75
392.63
395.07
394.22
396.83
394.31
394.43
394.51
393.69
389.47
393.06
389.37
392.24
394.18
392.87
388.69
390.02
388.87
388.73
385.92
384.1
383.66
383.88
378.45
374.41
372.9
373.89
374.08
368.15
366.09
367.96
370.88
367.94
368.62
374.06
372.79
373.26
371.05
370.55
366.83
364.56
359.43
361.23
354.7
359.15
363.97
366.83
358.15
360
368.89
364.87
364.43
367.25
367.9
369.48
369.39
369.71
367.89
367.3
367.46
367.71
365.07
363.64
359.55
359.27
354.26
348.46
355.58
352.55
361.38
361.94
360.52
361.8
361.47
356.54
353.76
356.36
357.61
356.65
356.58
359
356.96
351.74
349.65
347.25
352.05
350.27
349.77
350.44
347.45
346.11
345.8
346.38
347.62
349.02
347.07
346.53
341.91
343.45
343.85
343.96
347.07
346.06
346.77
343.81
343.91
343.18
339.47
340.98
340.03
340.56
335.16
333.16
335.46
334.05
338.12
339.95
335.76
331.17
334.42
331.95
332.44
328.31
328.39
322.11
315.06
309.6
306.17
309.39
306.28
317.12
318.22
324.21
323.11
321.35
321.96
320.67
325.62
325.82
326.22
328.29
330.44
325.21
322.33
319.5
314.03
318.56
313.01
316.01
314
311.63
313.34
308.22
303.32
302.51
309.69
306.57
310.02
313.63
316.41
317.67
316.08
311.97
311.81
317.32
311.18
319.92
322.55
334.05
329.28
326.21
327.4
325.3
324.59
321.36
320.24
317.03
315.91
314.93
316.25
315.56
314.57
314.56
315.13
310.79
313.38
312.45
312.22
310.15
308.23
307.05
304.93
302.54
303.62
299.93
301.85
299.66
301.6
305.24
303.52
302.87
300.44
299.58
300.57
297.83
294.02
296.59
293.59
295.27
293.03
296.08
291.58
289.99
287.97
284.33
280.21
287.03
283.98
291.41
290.08
288.23
289.89
289.78
290.98
285.49
282.85
279.5
296.6
298.26
300.5
296.92
289.5
290.26
286.45
284.09
282.95
281.7
282.22
278.08
274.69
274.17
276.08
271.47
274.28
266.18
264.96
261.83
266.54
271.96
271.9
267.48
264.29
266.09
263.66
262.93
270.08
272.62
265.67
266.89
263.1
259.48